0,453
0,445
0,439
0,459
4294967294,131
4294967294,130
4294967294,129
4294967294,128
4294967294,127
4294967294,126
4294967294,125
4294967294,124
4294967294,123
4294967294,122
4294967294,121
4294967294,120
4294967294,119
4294967294,118
4294967294,117
4294967294,116
4294967294,115
4294967294,114
4294967294,113
4294967294,112
4294967294,111
4294967294,110
4294967294,109
4294967294,108
4294967294,107
4294967294,106
4294967294,105
4294967294,104
4294967294,103
4294967294,102
4294967294,101
4294967294,100
4294967294,99
4294967294,98
4294967294,97
4294967294,96
4294967294,95
4294967294,94
4294967294,93
4294967294,92
4294967294,91
4294967294,90
4294967294,89
4294967294,88
4294967294,87
4294967294,86
4294967294,85
4294967294,84
4294967294,83
4294967294,82
4294967294,81
4294967294,80
4294967294,79
4294967294,78
4294967294,77
4294967294,76
4294967294,75
4294967294,74
4294967294,73
4294967294,72
4294967294,71
4294967294,70
4294967294,69
4294967294,68
4294967294,67
4294967294,66
4294967294,65
4294967294,64
4294967294,63
4294967294,62
4294967294,61
4294967294,60
4294967294,59
4294967294,58
4294967294,57
4294967294,56
4294967294,55
4294967294,54
4294967294,53
4294967294,52
4294967294,51
4294967294,50
4294967294,49
4294967294,48
4294967294,47
4294967294,46
4294967294,45
4294967294,44
4294967294,43
4294967294,42
4294967294,41
4294967294,40
4294967294,39
4294967294,38
4294967294,37
4294967294,36
4294967294,35
4294967294,34
4294967294,33
4294967294,32
4294967294,31
4294967294,30
4294967294,29
4294967294,28
4294967294,27
4294967294,26
4294967294,25
4294967294,24
4294967294,23
4294967294,22
4294967294,21
4294967294,20
4294967294,19
4294967294,18
4294967294,17
4294967294,16
4294967294,15
4294967294,14
4294967294,13
4294967294,12
4294967294,11
4294967294,10
4294967294,9
4294967294,8
4294967294,7
4294967294,6
4294967294,5
4294967294,4
4294967294,3
4294967294,2
4294967294,0
19,0
18,0
17,0
16,0
15,0
14,0
21,0
12,0
11,0
10,0
9,0
8,0
7,0
5,0
4,0
1,0
2,0
3,0
0,308
0,304
0,303
0,12
0,10
0,8
0,0
0,530
0,300
0,561
0,406
0,299
0,538
0,525
0,298
0,363
0,492
0,297
0,560
0,397
0,296
0,568
0,456
0,295
0,468
0,442
0,294
0,475
0,441
0,293
0,537
0,562
0,292
0,567
0,403
0,291
0,550
0,395
0,290
0,549
0,572
0,289
0,555
0,367
0,288
0,420
0,488
0,287
0,405
0,437
0,286
0,435
0,436
0,285
0,546
0,370
0,284
0,514
0,425
0,283
0,460
0,434
0,282
0,536
0,393
0,281
0,464
0,432
0,280
0,511
0,431
0,279
0,566
0,455
0,278
0,430
0,381
0,277
0,558
0,401
0,276
0,429
0,360
0,275
0,535
0,510
0,274
0,428
0,438
0,273
0,427
0,449
0,272
0,486
0,374
0,271
0,485
0,575
0,270
0,484
0,424
0,269
0,483
0,504
0,268
0,482
0,426
0,267
0,554
0,375
0,266
0,559
0,417
0,265
0,480
0,466
0,264
0,548
0,447
0,263
0,479
0,463
0,262
0,478
0,419
0,261
0,477
0,386
0,260
0,534
0,404
0,259
0,533
0,570
0,258
0,545
0,470
0,257
0,557
0,506
0,256
0,476
0,416
0,255
0,553
0,443
0,254
0,556
0,467
0,253
0,498
0,423
0,252
0,571
0,361
0,251
0,422
0,414
0,250
0,421
0,389
0,249
0,524
0,472
0,248
0,528
0,458
0,247
0,544
0,493
0,246
0,523
0,502
0,245
0,522
0,398
0,244
0,532
0,380
0,242
0,543
0,378
0,241
2,3
2,4
3,1
4,1
4,3
5,1
5,3
5,5
7,3
7,4
7,6
7,8
8,2
8,3
8,5
8,9
8,10
8,12
8,13
8,16
9,1
9,3
11,1
11,2
11,4
11,7
11,15
11,17
11,18
11,20
11,22
11,65
11,67
11,68
11,70
11,71
11,73
11,75
11,76
11,78
11,79
11,81
11,82
11,84
11,86
11,87
11,89
11,90
11,92
11,94
11,95
12,1
12,3
12,5
12,6
12,8
12,10
12,11
12,13
12,14
12,16
12,18
12,19
12,21
12,22
12,24
12,26
12,27
12,29
12,30
14,3
14,4
15,3
15,5
16,1
16,4
16,6
17,1
17,4
17,5
18,3
18,4
19,1
19,3
21,1
21,3
21,4
21,6
21,7
21,9
21,11
21,12
21,14
21,15
21,17
21,18
21,20
21,22
21,23
21,26
21,27
21,30
21,32
21,24
21,31
21,28
21,25
21,21
21,19
21,16
21,13
21,10
21,8
21,5
21,2
19,4
18,5
18,1
17,3
16,7
16,3
15,4
15,1
14,1
12,28
12,25
12,23
12,20
12,17
12,15
12,12
12,9
12,7
12,4
11,96
11,93
11,91
11,88
11,85
11,83
11,80
11,77
11,74
11,72
11,69
11,66
11,64
11,19
11,16
11,6
11,3
9,4
8,17
8,14
8,11
8,7
8,4
8,1
7,5
7,1
5,4
4,5
3,3
2,5
2,1
1,3
1,1
0,574
0,569
0,565
0,515
0,512
0,503
0,496
0,491
0,489
0,409
0,399
0,323
0,9
0,505
0,418
0,240
0,563
0,564
0,239
0,552
0,411
0,238
0,521
0,542
0,237
0,547
0,366
0,236
0,471
0,364
0,235
0,527
0,440
0,234
0,520
0,444
0,233
0,551
0,495
0,232
0,519
0,231
0,541
0,230
0,402
0,415
0,229
0,531
0,384
0,228
0,518
0,387
0,227
0,526
0,474
0,226
0,517
0,497
0,225
0,573
0,462
0,224
0,454
0,359
0,223
0,388
0,358
0,222
0,465
0,357
0,221
0,433
0,356
0,220
0,513
0,355
0,219
0,451
0,354
0,218
0,383
0,353
0,217
0,372
0,352
0,216
0,394
0,351
0,215
0,540
0,350
0,214
0,377
0,349
0,213
0,413
0,348
0,212
0,450
0,347
0,211
0,392
0,346
0,210
0,368
0,345
0,209
0,448
0,344
0,208
0,516
0,343
0,207
0,452
0,342
0,206
0,373
0,341
0,205
0,340
0,204
0,457
0,339
0,203
0,461
0,338
0,202
0,446
0,337
0,201
0,490
0,336
0,200
0,335
0,199
0,400
0,334
0,198
0,369
0,333
0,197
0,500
0,332
0,196
0,379
0,331
0,195
0,407
0,330
0,194
0,487
0,329
0,193
0,410
0,328
0,192
0,481
0,327
0,63
0,529
0,326
0,62
0,494
0,325
0,61
0,396
0,324
0,60
0,391
0,322
0,59
0,469
0,321
0,58
0,539
0,320
0,57
0,362
0,319
0,56
0,382
0,318
0,55
0,412
0,317
0,54
0,316
0,53
0,499
0,315
0,52
0,508
0,314
0,51
0,371
0,313
0,50
0,390
0,312
0,49
0,385
0,311
0,48
0,376
0,310
0,47
0,408
0,309
0,46
0,365
0,306
0,45
0,301
0,6
0,5
0,1
0,11
0,4
0,2
0,3
0,7
